2024/10/10-19:07:53.006576 2f60 RocksDB version: 8.10.0
2024/10/10-19:07:53.006747 2f60 Compile date 2023-12-15 13:01:14
2024/10/10-19:07:53.006805 2f60 DB SUMMARY
2024/10/10-19:07:53.006839 2f60 Host name (Env):  HOME
2024/10/10-19:07:53.006863 2f60 DB Session ID:  7ERT0CWYHLLNJEFSE38F
2024/10/10-19:07:53.008597 2f60 CURRENT file:  CURRENT
2024/10/10-19:07:53.008650 2f60 IDENTITY file:  IDENTITY
2024/10/10-19:07:53.008841 2f60 MANIFEST file:  MANIFEST-000105 size: 106 Bytes
2024/10/10-19:07:53.008875 2f60 SST files in ./storage\collections\conversation_history\0\segments\ddd34b0d-52fa-4beb-b2ac-b107ca538ca1\payload_index dir, Total Num: 0, files: 
2024/10/10-19:07:53.008904 2f60 Write Ahead Log file in ./storage\collections\conversation_history\0\segments\ddd34b0d-52fa-4beb-b2ac-b107ca538ca1\payload_index: 000104.log size: 0 ; 
2024/10/10-19:07:53.009201 2f60                         Options.error_if_exists: 0
2024/10/10-19:07:53.009219 2f60                       Options.create_if_missing: 1
2024/10/10-19:07:53.009230 2f60                         Options.paranoid_checks: 1
2024/10/10-19:07:53.009240 2f60             Options.flush_verify_memtable_count: 1
2024/10/10-19:07:53.009250 2f60          Options.compaction_verify_record_count: 1
2024/10/10-19:07:53.009260 2f60                               Options.track_and_verify_wals_in_manifest: 0
2024/10/10-19:07:53.009270 2f60        Options.verify_sst_unique_id_in_manifest: 1
2024/10/10-19:07:53.009281 2f60                                     Options.env: 000001F33B7EB860
2024/10/10-19:07:53.009293 2f60                                      Options.fs: WinFS
2024/10/10-19:07:53.009304 2f60                                Options.info_log: 000001F341CA8090
2024/10/10-19:07:53.009314 2f60                Options.max_file_opening_threads: 16
2024/10/10-19:07:53.009326 2f60                              Options.statistics: 0000000000000000
2024/10/10-19:07:53.009335 2f60                               Options.use_fsync: 0
2024/10/10-19:07:53.009346 2f60                       Options.max_log_file_size: 1048576
2024/10/10-19:07:53.009356 2f60                  Options.max_manifest_file_size: 1073741824
2024/10/10-19:07:53.009365 2f60                   Options.log_file_time_to_roll: 0
2024/10/10-19:07:53.009375 2f60                       Options.keep_log_file_num: 1
2024/10/10-19:07:53.009385 2f60                    Options.recycle_log_file_num: 0
2024/10/10-19:07:53.009394 2f60                         Options.allow_fallocate: 1
2024/10/10-19:07:53.009405 2f60                        Options.allow_mmap_reads: 0
2024/10/10-19:07:53.009414 2f60                       Options.allow_mmap_writes: 0
2024/10/10-19:07:53.009425 2f60                        Options.use_direct_reads: 0
2024/10/10-19:07:53.009436 2f60                        Options.use_direct_io_for_flush_and_compaction: 0
2024/10/10-19:07:53.009446 2f60          Options.create_missing_column_families: 1
2024/10/10-19:07:53.009459 2f60                              Options.db_log_dir: 
2024/10/10-19:07:53.009469 2f60                                 Options.wal_dir: 
2024/10/10-19:07:53.009479 2f60                Options.table_cache_numshardbits: 6
2024/10/10-19:07:53.009489 2f60                         Options.WAL_ttl_seconds: 0
2024/10/10-19:07:53.009499 2f60                       Options.WAL_size_limit_MB: 0
2024/10/10-19:07:53.009510 2f60                        Options.max_write_batch_group_size_bytes: 1048576
2024/10/10-19:07:53.009520 2f60             Options.manifest_preallocation_size: 4194304
2024/10/10-19:07:53.009530 2f60                     Options.is_fd_close_on_exec: 1
2024/10/10-19:07:53.009539 2f60                   Options.advise_random_on_open: 1
2024/10/10-19:07:53.009550 2f60                    Options.db_write_buffer_size: 0
2024/10/10-19:07:53.009561 2f60                    Options.write_buffer_manager: 000001F3418FF770
2024/10/10-19:07:53.009571 2f60         Options.access_hint_on_compaction_start: 1
2024/10/10-19:07:53.009580 2f60           Options.random_access_max_buffer_size: 1048576
2024/10/10-19:07:53.009591 2f60                      Options.use_adaptive_mutex: 0
2024/10/10-19:07:53.009659 2f60                            Options.rate_limiter: 0000000000000000
2024/10/10-19:07:53.009679 2f60     Options.sst_file_manager.rate_bytes_per_sec: 0
2024/10/10-19:07:53.009689 2f60                       Options.wal_recovery_mode: 0
2024/10/10-19:07:53.009700 2f60                  Options.enable_thread_tracking: 0
2024/10/10-19:07:53.009709 2f60                  Options.enable_pipelined_write: 0
2024/10/10-19:07:53.009719 2f60                  Options.unordered_write: 0
2024/10/10-19:07:53.009729 2f60         Options.allow_concurrent_memtable_write: 1
2024/10/10-19:07:53.009739 2f60      Options.enable_write_thread_adaptive_yield: 1
2024/10/10-19:07:53.009748 2f60             Options.write_thread_max_yield_usec: 100
2024/10/10-19:07:53.009758 2f60            Options.write_thread_slow_yield_usec: 3
2024/10/10-19:07:53.009768 2f60                               Options.row_cache: None
2024/10/10-19:07:53.009779 2f60                              Options.wal_filter: None
2024/10/10-19:07:53.009788 2f60             Options.avoid_flush_during_recovery: 0
2024/10/10-19:07:53.009797 2f60             Options.allow_ingest_behind: 0
2024/10/10-19:07:53.009807 2f60             Options.two_write_queues: 0
2024/10/10-19:07:53.009816 2f60             Options.manual_wal_flush: 0
2024/10/10-19:07:53.009826 2f60             Options.wal_compression: 0
2024/10/10-19:07:53.009835 2f60             Options.atomic_flush: 0
2024/10/10-19:07:53.009845 2f60             Options.avoid_unnecessary_blocking_io: 0
2024/10/10-19:07:53.009854 2f60                 Options.persist_stats_to_disk: 0
2024/10/10-19:07:53.009864 2f60                 Options.write_dbid_to_manifest: 0
2024/10/10-19:07:53.009874 2f60                 Options.log_readahead_size: 0
2024/10/10-19:07:53.009884 2f60                 Options.file_checksum_gen_factory: Unknown
2024/10/10-19:07:53.009893 2f60                 Options.best_efforts_recovery: 0
2024/10/10-19:07:53.009903 2f60                Options.max_bgerror_resume_count: 2147483647
2024/10/10-19:07:53.009914 2f60            Options.bgerror_resume_retry_interval: 1000000
2024/10/10-19:07:53.009924 2f60             Options.allow_data_in_errors: 0
2024/10/10-19:07:53.009934 2f60             Options.db_host_id: __hostname__
2024/10/10-19:07:53.009945 2f60             Options.enforce_single_del_contracts: true
2024/10/10-19:07:53.009956 2f60             Options.max_background_jobs: 2
2024/10/10-19:07:53.009967 2f60             Options.max_background_compactions: -1
2024/10/10-19:07:53.009977 2f60             Options.max_subcompactions: 1
2024/10/10-19:07:53.009988 2f60             Options.avoid_flush_during_shutdown: 0
2024/10/10-19:07:53.009997 2f60           Options.writable_file_max_buffer_size: 1048576
2024/10/10-19:07:53.010008 2f60             Options.delayed_write_rate : 16777216
2024/10/10-19:07:53.010018 2f60             Options.max_total_wal_size: 0
2024/10/10-19:07:53.010028 2f60             Options.delete_obsolete_files_period_micros: 180000000
2024/10/10-19:07:53.010039 2f60                   Options.stats_dump_period_sec: 600
2024/10/10-19:07:53.010049 2f60                 Options.stats_persist_period_sec: 600
2024/10/10-19:07:53.010060 2f60                 Options.stats_history_buffer_size: 1048576
2024/10/10-19:07:53.010070 2f60                          Options.max_open_files: 256
2024/10/10-19:07:53.010097 2f60                          Options.bytes_per_sync: 0
2024/10/10-19:07:53.010108 2f60                      Options.wal_bytes_per_sync: 0
2024/10/10-19:07:53.010118 2f60                   Options.strict_bytes_per_sync: 0
2024/10/10-19:07:53.010128 2f60       Options.compaction_readahead_size: 2097152
2024/10/10-19:07:53.010138 2f60                  Options.max_background_flushes: -1
2024/10/10-19:07:53.010147 2f60 Options.daily_offpeak_time_utc: 
2024/10/10-19:07:53.010157 2f60 Compression algorithms supported:
2024/10/10-19:07:53.010168 2f60 	kZSTD supported: 0
2024/10/10-19:07:53.010178 2f60 	kSnappyCompression supported: 1
2024/10/10-19:07:53.010234 2f60 	kBZip2Compression supported: 0
2024/10/10-19:07:53.010246 2f60 	kZlibCompression supported: 0
2024/10/10-19:07:53.010256 2f60 	kLZ4Compression supported: 1
2024/10/10-19:07:53.010265 2f60 	kXpressCompression supported: 0
2024/10/10-19:07:53.010274 2f60 	kLZ4HCCompression supported: 1
2024/10/10-19:07:53.010283 2f60 	kZSTDNotFinalCompression supported: 0
2024/10/10-19:07:53.010294 2f60 Fast CRC32 supported: Not supported on x86
2024/10/10-19:07:53.010304 2f60 DMutex implementation: std::mutex
2024/10/10-19:07:53.013982 2f60               Options.comparator: leveldb.BytewiseComparator
2024/10/10-19:07:53.014002 2f60           Options.merge_operator: None
2024/10/10-19:07:53.014006 2f60        Options.compaction_filter: None
2024/10/10-19:07:53.014010 2f60        Options.compaction_filter_factory: None
2024/10/10-19:07:53.014013 2f60  Options.sst_partitioner_factory: None
2024/10/10-19:07:53.014017 2f60         Options.memtable_factory: SkipListFactory
2024/10/10-19:07:53.014021 2f60            Options.table_factory: BlockBasedTable
2024/10/10-19:07:53.014053 2f60            table_factory options:   flush_block_policy_factory: FlushBlockBySizePolicyFactory (000001F341945E10)
  cache_index_and_filter_blocks: 0
  cache_index_and_filter_blocks_with_high_priority: 1
  pin_l0_filter_and_index_blocks_in_cache: 0
  pin_top_level_index_and_filter: 1
  index_type: 0
  data_block_index_type: 0
  index_shortening: 1
  data_block_hash_table_util_ratio: 0.750000
  checksum: 4
  no_block_cache: 0
  block_cache: 000001F34168F360
  block_cache_name: LRUCache
  block_cache_options:
    capacity : 33554432
    num_shard_bits : 6
    strict_capacity_limit : 0
    memory_allocator : None
    high_pri_pool_ratio: 0.500
    low_pri_pool_ratio: 0.000
  persistent_cache: 0000000000000000
  block_size: 4096
  block_size_deviation: 10
  block_restart_interval: 16
  index_block_restart_interval: 1
  metadata_block_size: 4096
  partition_filters: 0
  use_delta_encoding: 1
  filter_policy: nullptr
  whole_key_filtering: 1
  verify_compression: 0
  read_amp_bytes_per_bit: 0
  format_version: 5
  enable_index_compression: 1
  block_align: 0
  max_auto_readahead_size: 262144
  prepopulate_block_cache: 0
  initial_auto_readahead_size: 8192
  num_file_reads_for_auto_readahead: 2
2024/10/10-19:07:53.014058 2f60        Options.write_buffer_size: 67108864
2024/10/10-19:07:53.014061 2f60  Options.max_write_buffer_number: 2
2024/10/10-19:07:53.014065 2f60          Options.compression: Snappy
2024/10/10-19:07:53.014075 2f60                  Options.bottommost_compression: Disabled
2024/10/10-19:07:53.014078 2f60       Options.prefix_extractor: nullptr
2024/10/10-19:07:53.014082 2f60   Options.memtable_insert_with_hint_prefix_extractor: nullptr
2024/10/10-19:07:53.014085 2f60             Options.num_levels: 7
2024/10/10-19:07:53.014089 2f60        Options.min_write_buffer_number_to_merge: 1
2024/10/10-19:07:53.014092 2f60     Options.max_write_buffer_number_to_maintain: 0
2024/10/10-19:07:53.014096 2f60     Options.max_write_buffer_size_to_maintain: 0
2024/10/10-19:07:53.014100 2f60            Options.bottommost_compression_opts.window_bits: -14
2024/10/10-19:07:53.014103 2f60                  Options.bottommost_compression_opts.level: 32767
2024/10/10-19:07:53.014107 2f60               Options.bottommost_compression_opts.strategy: 0
2024/10/10-19:07:53.014110 2f60         Options.bottommost_compression_opts.max_dict_bytes: 0
2024/10/10-19:07:53.014114 2f60         Options.bottommost_compression_opts.zstd_max_train_bytes: 0
2024/10/10-19:07:53.014117 2f60         Options.bottommost_compression_opts.parallel_threads: 1
2024/10/10-19:07:53.014121 2f60                  Options.bottommost_compression_opts.enabled: false
2024/10/10-19:07:53.014125 2f60         Options.bottommost_compression_opts.max_dict_buffer_bytes: 0
2024/10/10-19:07:53.014129 2f60         Options.bottommost_compression_opts.use_zstd_dict_trainer: true
2024/10/10-19:07:53.014132 2f60            Options.compression_opts.window_bits: -14
2024/10/10-19:07:53.014136 2f60                  Options.compression_opts.level: 32767
2024/10/10-19:07:53.014143 2f60               Options.compression_opts.strategy: 0
2024/10/10-19:07:53.014148 2f60         Options.compression_opts.max_dict_bytes: 0
2024/10/10-19:07:53.014151 2f60         Options.compression_opts.zstd_max_train_bytes: 0
2024/10/10-19:07:53.014155 2f60         Options.compression_opts.use_zstd_dict_trainer: true
2024/10/10-19:07:53.014159 2f60         Options.compression_opts.parallel_threads: 1
2024/10/10-19:07:53.014162 2f60                  Options.compression_opts.enabled: false
2024/10/10-19:07:53.014166 2f60         Options.compression_opts.max_dict_buffer_bytes: 0
2024/10/10-19:07:53.014186 2f60      Options.level0_file_num_compaction_trigger: 4
2024/10/10-19:07:53.014190 2f60          Options.level0_slowdown_writes_trigger: 20
2024/10/10-19:07:53.014193 2f60              Options.level0_stop_writes_trigger: 36
2024/10/10-19:07:53.014197 2f60                   Options.target_file_size_base: 67108864
2024/10/10-19:07:53.014201 2f60             Options.target_file_size_multiplier: 1
2024/10/10-19:07:53.014204 2f60                Options.max_bytes_for_level_base: 268435456
2024/10/10-19:07:53.014208 2f60 Options.level_compaction_dynamic_level_bytes: 1
2024/10/10-19:07:53.014212 2f60          Options.max_bytes_for_level_multiplier: 10.000000
2024/10/10-19:07:53.014216 2f60 Options.max_bytes_for_level_multiplier_addtl[0]: 1
2024/10/10-19:07:53.014220 2f60 Options.max_bytes_for_level_multiplier_addtl[1]: 1
2024/10/10-19:07:53.014223 2f60 Options.max_bytes_for_level_multiplier_addtl[2]: 1
2024/10/10-19:07:53.014226 2f60 Options.max_bytes_for_level_multiplier_addtl[3]: 1
2024/10/10-19:07:53.014230 2f60 Options.max_bytes_for_level_multiplier_addtl[4]: 1
2024/10/10-19:07:53.014233 2f60 Options.max_bytes_for_level_multiplier_addtl[5]: 1
2024/10/10-19:07:53.014237 2f60 Options.max_bytes_for_level_multiplier_addtl[6]: 1
2024/10/10-19:07:53.014240 2f60       Options.max_sequential_skip_in_iterations: 8
2024/10/10-19:07:53.014244 2f60                    Options.max_compaction_bytes: 1677721600
2024/10/10-19:07:53.014249 2f60   Options.ignore_max_compaction_bytes_for_input: true
2024/10/10-19:07:53.014254 2f60                        Options.arena_block_size: 1048576
2024/10/10-19:07:53.014258 2f60   Options.soft_pending_compaction_bytes_limit: 68719476736
2024/10/10-19:07:53.014262 2f60   Options.hard_pending_compaction_bytes_limit: 274877906944
2024/10/10-19:07:53.014267 2f60                Options.disable_auto_compactions: 0
2024/10/10-19:07:53.014330 2f60                        Options.compaction_style: kCompactionStyleLevel
2024/10/10-19:07:53.014338 2f60                          Options.compaction_pri: kMinOverlappingRatio
2024/10/10-19:07:53.014344 2f60 Options.compaction_options_universal.size_ratio: 1
2024/10/10-19:07:53.014350 2f60 Options.compaction_options_universal.min_merge_width: 2
2024/10/10-19:07:53.014355 2f60 Options.compaction_options_universal.max_merge_width: 4294967295
2024/10/10-19:07:53.014360 2f60 Options.compaction_options_universal.max_size_amplification_percent: 200
2024/10/10-19:07:53.014366 2f60 Options.compaction_options_universal.compression_size_percent: -1
2024/10/10-19:07:53.014372 2f60 Options.compaction_options_universal.stop_style: kCompactionStopStyleTotalSize
2024/10/10-19:07:53.014378 2f60 Options.compaction_options_fifo.max_table_files_size: 1073741824
2024/10/10-19:07:53.014383 2f60 Options.compaction_options_fifo.allow_compaction: 0
2024/10/10-19:07:53.014390 2f60                   Options.table_properties_collectors: 
2024/10/10-19:07:53.014395 2f60                   Options.inplace_update_support: 0
2024/10/10-19:07:53.014400 2f60                 Options.inplace_update_num_locks: 10000
2024/10/10-19:07:53.014407 2f60               Options.memtable_prefix_bloom_size_ratio: 0.000000
2024/10/10-19:07:53.014412 2f60               Options.memtable_whole_key_filtering: 0
2024/10/10-19:07:53.014416 2f60   Options.memtable_huge_page_size: 0
2024/10/10-19:07:53.014422 2f60                           Options.bloom_locality: 0
2024/10/10-19:07:53.014474 2f60                    Options.max_successive_merges: 0
2024/10/10-19:07:53.014480 2f60                Options.optimize_filters_for_hits: 0
2024/10/10-19:07:53.014485 2f60                Options.paranoid_file_checks: 0
2024/10/10-19:07:53.014490 2f60                Options.force_consistency_checks: 1
2024/10/10-19:07:53.014495 2f60                Options.report_bg_io_stats: 0
2024/10/10-19:07:53.014500 2f60                               Options.ttl: 2592000
2024/10/10-19:07:53.014506 2f60          Options.periodic_compaction_seconds: 0
2024/10/10-19:07:53.014512 2f60                        Options.default_temperature: kUnknown
2024/10/10-19:07:53.014530 2f60  Options.preclude_last_level_data_seconds: 0
2024/10/10-19:07:53.014535 2f60    Options.preserve_internal_time_seconds: 0
2024/10/10-19:07:53.014540 2f60                       Options.enable_blob_files: false
2024/10/10-19:07:53.014544 2f60                           Options.min_blob_size: 0
2024/10/10-19:07:53.014549 2f60                          Options.blob_file_size: 268435456
2024/10/10-19:07:53.014555 2f60                   Options.blob_compression_type: NoCompression
2024/10/10-19:07:53.014561 2f60          Options.enable_blob_garbage_collection: false
2024/10/10-19:07:53.014582 2f60      Options.blob_garbage_collection_age_cutoff: 0.250000
2024/10/10-19:07:53.014593 2f60 Options.blob_garbage_collection_force_threshold: 1.000000
2024/10/10-19:07:53.014599 2f60          Options.blob_compaction_readahead_size: 0
2024/10/10-19:07:53.014605 2f60                Options.blob_file_starting_level: 0
2024/10/10-19:07:53.014610 2f60         Options.experimental_mempurge_threshold: 0.000000
2024/10/10-19:07:53.014615 2f60            Options.memtable_max_range_deletions: 0
2024/10/10-19:07:53.107702 2f60 DB pointer 000001F341BA1200
